pub = "w1UfMmi4ocuiCvre8EDhQdFFVh6nBs6AtcGCZtJNbz1"  for quick airdrop
SECRET_KEY ="[
                13,  62,  37,  25, 249,  16,  66,  65, 124, 135,  53,
               113, 152,  39, 225, 193,  99, 129, 206, 239,  13, 169,
               111, 136, 160, 184, 255,  98, 128, 124, 157, 153,  13,
               213, 231,  39, 102, 157, 185, 250, 173,  77,  12,  90,
               217, 178, 183,   1, 241, 107, 228, 228, 170,  55,  58,
               179, 173, 164,  15, 131, 255, 250,  90, 106
             ]"

pub = "8wpArXsS72MKK5vYDBpFha2oDmKhrWxfyLv27gm56KGw"  for quick airdrop
SECRET_KEY_2 ="[
                  40, 146, 158, 170,  61,  16, 123, 255, 236, 172, 203,
                 138, 243, 129, 108,  34, 160, 155,  60, 225,  14, 236,
                 131,  16,   5,  14, 100, 222, 143,   8,  75,  20, 118,
                  12, 129, 225, 120, 143, 236, 119,   2, 230, 134,  57,
                 180, 234,  67, 124, 222,  24, 124,  69, 219, 137,  91,
                 155, 235,  23, 236, 145,  68, 158, 224, 108
               ]"
